2.553430271986286026e+00 9.999000000000000000e+03
7.659726804285631019e+00 9.722000000000000000e+03
1.276602333658497557e+01 9.347000000000000000e+03
1.787231986888432189e+01 9.135000000000000000e+03
2.297861640118366822e+01 8.901000000000000000e+03
2.808491293348301099e+01 8.763000000000000000e+03
3.319120946578235731e+01 8.609000000000000000e+03
3.829750599808170364e+01 8.459000000000000000e+03
4.340380253038105707e+01 8.266000000000000000e+03
4.851009906268039629e+01 8.059000000000000000e+03
5.361639559497974972e+01 7.941000000000000000e+03
5.872269212727908894e+01 7.764000000000000000e+03
6.382898865957842816e+01 7.665000000000000000e+03
6.893528519187776737e+01 7.554000000000000000e+03
7.404158172417712080e+01 7.367000000000000000e+03
7.914787825647647423e+01 7.135000000000000000e+03
8.425417478877579924e+01 7.167000000000000000e+03
8.936047132107515267e+01 7.125000000000000000e+03
9.446676785337450610e+01 6.801000000000000000e+03
9.957306438567384532e+01 6.770000000000000000e+03
1.046793609179731845e+02 6.550000000000000000e+03
1.097856574502725380e+02 6.529000000000000000e+03
1.148919539825718914e+02 6.280000000000000000e+03
1.199982505148712164e+02 6.167000000000000000e+03
1.251045470471705698e+02 6.280000000000000000e+03
1.302108435794699233e+02 6.072000000000000000e+03
1.353171401117692767e+02 6.032000000000000000e+03
1.404234366440686017e+02 6.040000000000000000e+03
1.455297331763679836e+02 5.703000000000000000e+03
1.506360297086673086e+02 5.745000000000000000e+03
1.557423262409666620e+02 5.661000000000000000e+03
1.608486227732660154e+02 5.610000000000000000e+03
1.659549193055653404e+02 5.528000000000000000e+03
1.710612158378646939e+02 5.360000000000000000e+03
1.761675123701640473e+02 5.432000000000000000e+03
1.812738089024633723e+02 5.419000000000000000e+03
1.863801054347627542e+02 5.328000000000000000e+03
1.914864019670620792e+02 5.333000000000000000e+03
1.965926984993614042e+02 5.282000000000000000e+03
2.016989950316607860e+02 5.382000000000000000e+03
2.068052915639601110e+02 5.329000000000000000e+03
2.119115880962594360e+02 5.319000000000000000e+03
2.170178846285588179e+02 5.264000000000000000e+03
2.221241811608581429e+02 5.238000000000000000e+03
2.272304776931574963e+02 5.403000000000000000e+03
2.323367742254568498e+02 5.410000000000000000e+03
2.374430707577561748e+02 5.323000000000000000e+03
2.425493672900555282e+02 5.386000000000000000e+03
2.476556638223548816e+02 5.293000000000000000e+03
2.527619603546542066e+02 5.459000000000000000e+03
2.578682568869535316e+02 5.485000000000000000e+03
2.629745534192528567e+02 5.664000000000000000e+03
2.680808499515522385e+02 5.535000000000000000e+03
2.731871464838515635e+02 5.653000000000000000e+03
2.782934430161509454e+02 5.688000000000000000e+03
2.833997395484502704e+02 5.796000000000000000e+03
2.885060360807495954e+02 5.838000000000000000e+03
2.936123326130489204e+02 5.952000000000000000e+03
2.987186291453483022e+02 6.052000000000000000e+03
3.038249256776476841e+02 6.038000000000000000e+03
3.089312222099470091e+02 6.147000000000000000e+03
3.140375187422463341e+02 6.262000000000000000e+03
3.191438152745456591e+02 6.202000000000000000e+03
3.242501118068450410e+02 6.358000000000000000e+03
3.293564083391443660e+02 6.475000000000000000e+03
3.344627048714437478e+02 6.378000000000000000e+03
3.395690014037430728e+02 6.499000000000000000e+03
3.446752979360423979e+02 6.633000000000000000e+03
3.497815944683417229e+02 6.673000000000000000e+03
3.548878910006411047e+02 6.804000000000000000e+03
3.599941875329404866e+02 6.902000000000000000e+03
3.651004840652398116e+02 6.901000000000000000e+03
3.702067805975391366e+02 6.815000000000000000e+03
3.753130771298384616e+02 6.838000000000000000e+03
3.804193736621378434e+02 6.933000000000000000e+03
3.855256701944371684e+02 6.721000000000000000e+03
3.906319667267365503e+02 6.616000000000000000e+03
3.957382632590358753e+02 6.535000000000000000e+03
4.008445597913352003e+02 6.532000000000000000e+03
4.059508563236345253e+02 6.478000000000000000e+03
4.110571528559339072e+02 6.244000000000000000e+03
4.161634493882332322e+02 6.133000000000000000e+03
4.212697459205326140e+02 5.721000000000000000e+03
4.263760424528319390e+02 5.709000000000000000e+03
4.314823389851312641e+02 5.437000000000000000e+03
4.365886355174306459e+02 5.170000000000000000e+03
4.416949320497299709e+02 4.963000000000000000e+03
4.468012285820293528e+02 4.706000000000000000e+03
4.519075251143286778e+02 4.480000000000000000e+03
4.570138216466280028e+02 4.036000000000000000e+03
4.621201181789273278e+02 3.865000000000000000e+03
4.672264147112267096e+02 3.629000000000000000e+03
4.723327112435260347e+02 3.416000000000000000e+03
4.774390077758254165e+02 3.217000000000000000e+03
4.825453043081247415e+02 3.045000000000000000e+03
4.876516008404240665e+02 2.862000000000000000e+03
4.927578973727233915e+02 2.642000000000000000e+03
4.978641939050227734e+02 2.417000000000000000e+03
5.029704904373221552e+02 2.322000000000000000e+03
5.080767869696214802e+02 2.147000000000000000e+03
5.131830835019208052e+02 2.046000000000000000e+03
5.182893800342201303e+02 1.935000000000000000e+03
5.233956765665195690e+02 1.754000000000000000e+03
5.285019730988190076e+02 1.696000000000000000e+03
5.336082696311182190e+02 1.572000000000000000e+03
5.387145661634176577e+02 1.494000000000000000e+03
5.438208626957168690e+02 1.486000000000000000e+03
5.489271592280163077e+02 1.445000000000000000e+03
5.540334557603156327e+02 1.302000000000000000e+03
5.591397522926149577e+02 1.337000000000000000e+03
5.642460488249143964e+02 1.231000000000000000e+03
5.693523453572136077e+02 1.198000000000000000e+03
5.744586418895130464e+02 1.205000000000000000e+03
5.795649384218122577e+02 1.168000000000000000e+03
5.846712349541116964e+02 1.111000000000000000e+03
5.897775314864111351e+02 1.043000000000000000e+03
5.948838280187103464e+02 1.056000000000000000e+03
5.999901245510097851e+02 1.012000000000000000e+03
6.050964210833089965e+02 1.012000000000000000e+03
6.102027176156084352e+02 1.025000000000000000e+03
6.153090141479078738e+02 9.930000000000000000e+02
6.204153106802070852e+02 1.017000000000000000e+03
6.255216072125065239e+02 1.014000000000000000e+03
6.306279037448057352e+02 9.600000000000000000e+02
6.357342002771051739e+02 1.013000000000000000e+03
6.408404968094044989e+02 9.940000000000000000e+02
6.459467933417038239e+02 9.120000000000000000e+02
6.510530898740032626e+02 8.540000000000000000e+02
6.561593864063024739e+02 8.680000000000000000e+02
6.612656829386019126e+02 8.840000000000000000e+02
6.663719794709012376e+02 8.560000000000000000e+02
6.714782760032005626e+02 8.460000000000000000e+02
6.765845725355000013e+02 8.260000000000000000e+02
6.816908690677992126e+02 7.990000000000000000e+02
6.867971656000986513e+02 7.960000000000000000e+02
6.919034621323978627e+02 7.830000000000000000e+02
6.970097586646973014e+02 7.840000000000000000e+02
7.021160551969967401e+02 7.600000000000000000e+02
7.072223517292959514e+02 7.450000000000000000e+02
7.123286482615953901e+02 7.090000000000000000e+02
7.174349447938946014e+02 6.770000000000000000e+02
7.225412413261940401e+02 6.950000000000000000e+02
7.276475378584934788e+02 6.810000000000000000e+02
7.327538343907926901e+02 6.890000000000000000e+02
7.378601309230921288e+02 6.470000000000000000e+02
7.429664274553913401e+02 6.460000000000000000e+02
7.480727239876907788e+02 6.930000000000000000e+02
7.531790205199901038e+02 6.310000000000000000e+02
7.582853170522894288e+02 5.780000000000000000e+02
7.633916135845888675e+02 5.930000000000000000e+02
7.684979101168880788e+02 5.610000000000000000e+02
7.736042066491875175e+02 5.720000000000000000e+02
7.787105031814867289e+02 4.960000000000000000e+02
7.838167997137861676e+02 5.100000000000000000e+02
7.889230962460856063e+02 5.090000000000000000e+02
7.940293927783848176e+02 5.040000000000000000e+02
7.991356893106842563e+02 4.460000000000000000e+02
8.042419858429834676e+02 4.640000000000000000e+02
8.093482823752829063e+02 4.090000000000000000e+02
8.144545789075823450e+02 4.230000000000000000e+02
8.195608754398815563e+02 4.200000000000000000e+02
8.246671719721809950e+02 4.040000000000000000e+02
8.297734685044802063e+02 3.740000000000000000e+02
8.348797650367796450e+02 3.780000000000000000e+02
8.399860615690789700e+02 3.200000000000000000e+02
8.450923581013782950e+02 3.490000000000000000e+02
8.501986546336777337e+02 3.240000000000000000e+02
8.553049511659769450e+02 3.290000000000000000e+02
8.604112476982763837e+02 3.490000000000000000e+02
8.655175442305757088e+02 2.900000000000000000e+02
8.706238407628750338e+02 2.920000000000000000e+02
8.757301372951744725e+02 2.610000000000000000e+02
8.808364338274736838e+02 2.670000000000000000e+02
8.859427303597731225e+02 2.300000000000000000e+02
8.910490268920723338e+02 2.460000000000000000e+02
8.961553234243717725e+02 2.490000000000000000e+02
9.012616199566712112e+02 2.330000000000000000e+02
9.063679164889704225e+02 2.360000000000000000e+02
9.114742130212698612e+02 1.860000000000000000e+02
9.165805095535690725e+02 2.180000000000000000e+02
9.216868060858685112e+02 2.200000000000000000e+02
9.267931026181679499e+02 2.230000000000000000e+02
9.318993991504671612e+02 1.890000000000000000e+02
9.370056956827665999e+02 2.030000000000000000e+02
9.421119922150658113e+02 1.530000000000000000e+02
9.472182887473652499e+02 1.800000000000000000e+02
9.523245852796645750e+02 2.020000000000000000e+02
9.574308818119639000e+02 1.600000000000000000e+02
9.625371783442633387e+02 1.690000000000000000e+02
9.676434748765625500e+02 1.790000000000000000e+02
9.727497714088619887e+02 1.380000000000000000e+02
9.778560679411612000e+02 1.530000000000000000e+02
9.829623644734606387e+02 1.510000000000000000e+02
9.880686610057600774e+02 1.390000000000000000e+02
9.931749575380592887e+02 1.140000000000000000e+02
9.982812540703587274e+02 1.470000000000000000e+02
1.003387550602657939e+03 1.340000000000000000e+02
1.008493847134957377e+03 1.630000000000000000e+02
1.013600143667256816e+03 1.160000000000000000e+02
1.018706440199556027e+03 1.120000000000000000e+02
1.023812736731855466e+03 1.260000000000000000e+02
1.028919033264154677e+03 1.200000000000000000e+02
1.034025329796454116e+03 1.130000000000000000e+02
1.039131626328753555e+03 1.030000000000000000e+02
1.044237922861052766e+03 1.160000000000000000e+02
1.049344219393352205e+03 1.040000000000000000e+02
1.054450515925651416e+03 9.700000000000000000e+01
1.059556812457950855e+03 7.700000000000000000e+01
1.064663108990250294e+03 1.020000000000000000e+02
1.069769405522549505e+03 8.900000000000000000e+01
1.074875702054848716e+03 1.010000000000000000e+02
1.079981998587148155e+03 8.400000000000000000e+01
1.085088295119447594e+03 9.600000000000000000e+01
1.090194591651747032e+03 7.800000000000000000e+01
1.095300888184046244e+03 7.600000000000000000e+01
1.100407184716345455e+03 7.000000000000000000e+01
1.105513481248644894e+03 6.200000000000000000e+01
1.110619777780944332e+03 6.200000000000000000e+01
1.115726074313243771e+03 7.300000000000000000e+01
1.120832370845542982e+03 8.200000000000000000e+01
1.125938667377842194e+03 6.400000000000000000e+01
1.131044963910141632e+03 6.300000000000000000e+01
1.136151260442441071e+03 5.000000000000000000e+01
1.141257556974740510e+03 6.500000000000000000e+01
1.146363853507039721e+03 6.300000000000000000e+01
1.151470150039338932e+03 5.300000000000000000e+01
1.156576446571638371e+03 5.100000000000000000e+01
1.161682743103937810e+03 5.600000000000000000e+01
1.166789039636237021e+03 5.400000000000000000e+01
1.171895336168536460e+03 5.400000000000000000e+01
1.177001632700835671e+03 4.400000000000000000e+01
1.182107929233135110e+03 4.500000000000000000e+01
1.187214225765434549e+03 3.500000000000000000e+01
1.192320522297733760e+03 6.500000000000000000e+01
1.197426818830033199e+03 3.400000000000000000e+01
1.202533115362332410e+03 5.100000000000000000e+01
1.207639411894631849e+03 3.400000000000000000e+01
1.212745708426931287e+03 4.000000000000000000e+01
1.217852004959230499e+03 3.000000000000000000e+01
1.222958301491529937e+03 3.300000000000000000e+01
1.228064598023829149e+03 3.300000000000000000e+01
1.233170894556128587e+03 3.800000000000000000e+01
1.238277191088428026e+03 2.800000000000000000e+01
1.243383487620727237e+03 4.300000000000000000e+01
1.248489784153026676e+03 2.900000000000000000e+01
1.253596080685325887e+03 2.700000000000000000e+01
1.258702377217625326e+03 2.500000000000000000e+01
1.263808673749924765e+03 3.100000000000000000e+01
1.268914970282223976e+03 2.400000000000000000e+01
1.274021266814523187e+03 3.400000000000000000e+01
1.279127563346822626e+03 2.400000000000000000e+01
1.284233859879122065e+03 2.800000000000000000e+01
1.289340156411421503e+03 3.200000000000000000e+01
1.294446452943720715e+03 1.600000000000000000e+01
1.299552749476019926e+03 2.000000000000000000e+01
1.304659046008319365e+03 1.400000000000000000e+01
1.309765342540618803e+03 2.900000000000000000e+01
1.314871639072918242e+03 1.900000000000000000e+01
1.319977935605217453e+03 2.300000000000000000e+01
1.325084232137516665e+03 2.300000000000000000e+01
1.330190528669816104e+03 1.400000000000000000e+01
1.335296825202115542e+03 2.000000000000000000e+01
1.340403121734414981e+03 1.100000000000000000e+01
1.345509418266714192e+03 2.500000000000000000e+01
1.350615714799013404e+03 1.500000000000000000e+01
1.355722011331312842e+03 1.800000000000000000e+01
1.360828307863612281e+03 1.900000000000000000e+01
1.365934604395911492e+03 1.300000000000000000e+01
1.371040900928210931e+03 1.300000000000000000e+01
1.376147197460510142e+03 1.000000000000000000e+01
1.381253493992809581e+03 1.000000000000000000e+01
1.386359790525109020e+03 1.300000000000000000e+01
1.391466087057408231e+03 1.000000000000000000e+01
1.396572383589707670e+03 1.600000000000000000e+01
1.401678680122006881e+03 8.000000000000000000e+00
1.406784976654306320e+03 9.000000000000000000e+00
1.411891273186605758e+03 7.000000000000000000e+00
1.416997569718904970e+03 5.000000000000000000e+00
1.422103866251204408e+03 9.000000000000000000e+00
1.427210162783503620e+03 1.400000000000000000e+01
1.432316459315803058e+03 1.300000000000000000e+01
1.437422755848102497e+03 7.000000000000000000e+00
1.442529052380401708e+03 9.000000000000000000e+00
1.447635348912701147e+03 7.000000000000000000e+00
1.452741645445000358e+03 6.000000000000000000e+00
1.457847941977299797e+03 5.000000000000000000e+00
1.462954238509599236e+03 8.000000000000000000e+00
1.468060535041898447e+03 1.100000000000000000e+01
1.473166831574197658e+03 4.000000000000000000e+00
1.478273128106497097e+03 6.000000000000000000e+00
1.483379424638796536e+03 8.000000000000000000e+00
1.488485721171095975e+03 6.000000000000000000e+00
1.493592017703395186e+03 9.000000000000000000e+00
1.498698314235694397e+03 8.000000000000000000e+00
1.503804610767993836e+03 7.000000000000000000e+00
1.508910907300293275e+03 8.000000000000000000e+00
1.514017203832592713e+03 1.100000000000000000e+01
1.519123500364891925e+03 5.000000000000000000e+00
1.524229796897191136e+03 4.000000000000000000e+00
1.529336093429490575e+03 4.000000000000000000e+00
1.534442389961790013e+03 1.000000000000000000e+00
1.539548686494089452e+03 4.000000000000000000e+00
1.544654983026388663e+03 1.000000000000000000e+00
1.549761279558687875e+03 3.000000000000000000e+00
1.554867576090987313e+03 3.000000000000000000e+00
1.559973872623286752e+03 5.000000000000000000e+00
1.565080169155585963e+03 2.000000000000000000e+00
1.570186465687885402e+03 2.000000000000000000e+00
1.575292762220184613e+03 3.000000000000000000e+00
1.580399058752484052e+03 2.000000000000000000e+00
1.585505355284783491e+03 2.000000000000000000e+00
1.590611651817082702e+03 4.000000000000000000e+00
1.595717948349382141e+03 3.000000000000000000e+00
1.600824244881681352e+03 4.000000000000000000e+00
1.605930541413980791e+03 7.000000000000000000e+00
1.611036837946280230e+03 2.000000000000000000e+00
1.616143134478579441e+03 1.000000000000000000e+00
1.621249431010878880e+03 1.000000000000000000e+00
1.626355727543178091e+03 3.000000000000000000e+00
1.631462024075477530e+03 2.000000000000000000e+00
1.636568320607776968e+03 1.000000000000000000e+00
1.641674617140076180e+03 4.000000000000000000e+00
1.646780913672375618e+03 3.000000000000000000e+00
1.651887210204674830e+03 1.000000000000000000e+00
1.656993506736974268e+03 3.000000000000000000e+00
1.662099803269273707e+03 1.000000000000000000e+00
1.667206099801572918e+03 3.000000000000000000e+00
1.672312396333872130e+03 1.000000000000000000e+00
1.677418692866171568e+03 2.000000000000000000e+00
1.682524989398471007e+03 0.000000000000000000e+00
1.687631285930770446e+03 0.000000000000000000e+00
1.692737582463069657e+03 4.000000000000000000e+00
1.697843878995368868e+03 1.000000000000000000e+00
1.702950175527668307e+03 1.000000000000000000e+00
1.708056472059967746e+03 0.000000000000000000e+00
1.713162768592267184e+03 1.000000000000000000e+00
1.718269065124566396e+03 0.000000000000000000e+00
1.723375361656865607e+03 0.000000000000000000e+00
1.728481658189165046e+03 0.000000000000000000e+00
1.733587954721464484e+03 0.000000000000000000e+00
1.738694251253763923e+03 1.000000000000000000e+00
1.743800547786063134e+03 0.000000000000000000e+00
1.748906844318362346e+03 1.000000000000000000e+00
1.754013140850661784e+03 0.000000000000000000e+00
1.759119437382961223e+03 0.000000000000000000e+00
1.764225733915260435e+03 1.000000000000000000e+00
1.769332030447559873e+03 0.000000000000000000e+00
1.774438326979859085e+03 0.000000000000000000e+00
1.779544623512158523e+03 0.000000000000000000e+00
1.784650920044457962e+03 0.000000000000000000e+00
1.789757216576757173e+03 0.000000000000000000e+00
1.794863513109056612e+03 0.000000000000000000e+00
1.799969809641355823e+03 0.000000000000000000e+00
1.805076106173655262e+03 0.000000000000000000e+00
1.810182402705954701e+03 1.000000000000000000e+00
1.815288699238253912e+03 0.000000000000000000e+00
1.820394995770553351e+03 0.000000000000000000e+00
1.825501292302852562e+03 0.000000000000000000e+00
1.830607588835152001e+03 2.000000000000000000e+00
1.835713885367451439e+03 0.000000000000000000e+00
1.840820181899750651e+03 0.000000000000000000e+00
1.845926478432050089e+03 0.000000000000000000e+00
1.851032774964349301e+03 1.000000000000000000e+00
1.856139071496648739e+03 0.000000000000000000e+00
1.861245368028948178e+03 0.000000000000000000e+00
1.866351664561247389e+03 0.000000000000000000e+00
1.871457961093546601e+03 1.000000000000000000e+00
1.876564257625846039e+03 1.000000000000000000e+00
1.881670554158145478e+03 0.000000000000000000e+00
1.886776850690444917e+03 0.000000000000000000e+00
1.891883147222744128e+03 0.000000000000000000e+00
1.896989443755043339e+03 0.000000000000000000e+00
1.902095740287342778e+03 0.000000000000000000e+00
1.907202036819642217e+03 1.000000000000000000e+00
1.912308333351941656e+03 1.000000000000000000e+00
1.917414629884240867e+03 1.000000000000000000e+00
1.922520926416540078e+03 0.000000000000000000e+00
1.927627222948839517e+03 0.000000000000000000e+00
1.932733519481138956e+03 0.000000000000000000e+00
1.937839816013438394e+03 0.000000000000000000e+00
1.942946112545737606e+03 0.000000000000000000e+00
1.948052409078036817e+03 0.000000000000000000e+00
1.953158705610336256e+03 0.000000000000000000e+00
1.958265002142635694e+03 0.000000000000000000e+00
1.963371298674934906e+03 0.000000000000000000e+00
1.968477595207234344e+03 2.000000000000000000e+00
1.973583891739533556e+03 0.000000000000000000e+00
1.978690188271832994e+03 1.000000000000000000e+00
1.983796484804132433e+03 1.000000000000000000e+00
1.988902781336431644e+03 0.000000000000000000e+00
1.994009077868731083e+03 0.000000000000000000e+00
1.999115374401030294e+03 0.000000000000000000e+00
2.004221670933329733e+03 0.000000000000000000e+00
2.009327967465629172e+03 0.000000000000000000e+00
2.014434263997928383e+03 0.000000000000000000e+00
2.019540560530227822e+03 0.000000000000000000e+00
2.024646857062527033e+03 0.000000000000000000e+00
2.029753153594826472e+03 0.000000000000000000e+00
2.034859450127125911e+03 0.000000000000000000e+00
2.039965746659425122e+03 0.000000000000000000e+00
2.045072043191724333e+03 1.000000000000000000e+00
